"subject"	"group"	"linSlope"	"linR^2"	"linR^2Adj"	"segLinSlope1"	"segLinSlope2"	"segLinR^2"	"segLinR^2Adj"	"sigMaxAsymp"	"sigYRange"	"sigInflPoint"	"sigSlopeIndex"
"00812"	"complete"	3.14911564337588	0.917674939356172	0.915714818864652	-0.4787	3.521	0.941062878716323	0.936642594620047	116.985339827144	-77.5129502360702	39.3158064117009	0.199221249565377
"20852"	"complete"	1.82632799436705	0.828167487117107	0.803619985276693	-1.925	4.468	0.989255701517309	0.982809122427694	82.3274340563293	-43.2309189232298	36.0074497962177	0.346459304378428
"56652"	"complete"	0.684790659597072	0.802122074920333	0.789754704602853	-1.46	1.072	0.892350425977762	0.869282660115854	54.321894701416	-15.7786346459938	32.3590894984646	0.483869480231443
"75807"	"complete"	1.99520255275292	0.798505108272494	0.78665246758264	-0.4536	2.273	0.835908804144828	0.803090564973793	79.9588325120152	-38.800096606965	38.622916688492	0.360881561205113
"78430"	"complete"	1.36272169048639	0.863938690810369	0.860159209999545	NA	NA	NA	NA	75.3099019894027	-21.0698427022103	40.4502432415067	0.328675908870562
"78984"	"complete"	1.53382686844472	0.703344519056607	0.699335661206021	1.832	0.2627	0.745665800258124	0.735068541935545	77.9809959347188	-32.7358731661152	36.3606821320612	0.342460431644715
"85053"	"complete"	2.12957252149397	0.811670509979821	0.803110078615267	3.211	0.6907	0.888326069684467	0.871574980137137	81.5458184449042	-31.1895083510285	34.6871698073958	0.683543096726399
"03261"	"control"	2.36057464227288	0.859820424027056	0.856031786838598	-1.883	3.21	0.928216904630337	0.922064067884365	87.8717354227625	-41.3308207349808	38.4414863735375	0.779060739114392
"04744"	"control"	1.13568767327037	0.991628061590839	0.988837415454452	-0.292	1.359	0.999781491590361	0.999125966361445	79.2210129414071	-39.527513398018	40.6011045416612	0.192901034950286
"14596"	"control"	1.9470834685963	0.775313871062113	0.767566073512531	-3.186	2.311	0.819020013149802	0.798911125722002	89.0676785752681	-49.1725040142358	36.9924575330151	0.27259135134491
"16239"	"control"	1.22985847560175	0.704033657054665	0.677127625877817	-1.155	1.687	0.802590349990288	0.736787133320384	63.1465143880102	-29.7263139538961	35.8831040683355	0.371562888562658
"16508"	"control"	2.34040121760078	0.70480410837613	0.682096732097371	NA	NA	NA	NA	125.136357946388	-90.4799259069115	40.0510875092579	0.114365818543329
"25196"	"control"	-0.130936001099204	0.0277895042149115	0.0113113602185542	-1.196	0.6555	0.327338162220806	0.291934907600849	64.9394040179949	10.1291972554494	27.6105004174119	0.624168246923694
"27628"	"control"	1.1679780332289	0.633318780596682	0.602762012313072	-3.96	2.338	0.931155642428497	0.910502335157046	76.0575893661972	-26.6735406571119	40.7679901463988	1.88987694152912
"41078"	"control"	1.5301675911766	0.598245020619107	0.574612374773172	4.506	0.004574	0.92123234679268	0.905478816151217	108.37166278298	-51.2690844005703	32.0400126523885	0.823337680682024
"43306"	"control"	0.94824797738835	0.390595615163647	0.374125226384286	1.647	-0.7512	0.474923728499596	0.429917190942419	57.9369258669128	-17.9785832745232	35.3769971254436	2.06135626840833
"44016"	"control"	2.8638744152134	0.951549872522162	0.949879178471202	2.113	4.212	0.981444056630234	0.979382285144704	1509.940513457	-1492.06352553067	96.1206999811085	0.0597778819351432
"60867"	"control"	1.00476613558007	0.285927833072415	0.272454773319065	1.295	-3.116	0.358071253923736	0.320310739448662	47.4492349356766	-13.6857406493508	33.6212016788825	0.838967851148118
"63606"	"control"	3.78296911655797	0.79486974131961	0.789008876785885	-0.1146	4.274	0.813830948473422	0.796906489243733	118.903285283303	-76.9859216482888	35.8036993368479	0.239126971485979
"75190"	"control"	2.45519808025007	0.927645161818613	0.925741087129629	1.024	3.237	0.970417428961905	0.96795221470873	93.7998546744443	-53.685112425109	40.1076366517199	0.295043401922662
"89336"	"control"	1.75320976599479	0.897645319037974	0.895598225418733	-0.3535	1.873	0.911664304946471	0.906143324005625	77.5597901575184	-42.9863885688791	35.4039948784452	0.183683844659059
"04670"	"incomplete"	2.15985642767369	0.942412704696492	0.94019780872328	-0.07843	2.468	0.968518379320142	0.964583176735159	100.888949372008	-52.3447911995284	40.9508108775226	0.240275820559953
"12106"	"incomplete"	3.16573609343335	0.719723388912449	0.712536809140974	4.433	1.179	0.773110451500391	0.754714001622044	90.074736071388	-45.4487284699162	33.8911230329661	0.661536529257769
"36460"	"incomplete"	3.1854776980456	0.917082525025474	0.915108299430842	-0.761	3.936	0.961099262585182	0.95818170727907	120.757928319894	-59.8047906172847	39.3794551756206	0.337510624439146
"46561"	"incomplete"	1.21118891520516	0.549412229640295	0.53575805478091	1.661	-0.4067	0.632468900451362	0.59690137468859	57.5717859713936	-18.0253116132716	38.8001172236742	2.22907753785935
"56299"	"incomplete"	1.97939695965949	0.876716892624602	0.871975234648625	-0.5537	2.637	0.965116785133888	0.960756383275624	92.5645559776293	-48.3069022576631	43.6037439204201	0.254586193101224
"66980"	"incomplete"	NA	0	0	NA	NA	NA	NA	60.9767265288432	-27.2034399710616	40.1149783841354	0.306003366951345
"70375"	"incomplete"	1.08677453269305	0.67620161404898	0.663249678610939	-0.934	1.863	0.901186848068389	0.888298176077309	47.9589442141313	-15.2350242491927	34.278374313642	0.527876396868106
"80068"	"incomplete"	2.36152852960849	0.885897758039612	0.881822677969598	-4.03	3.054	0.952679188037127	0.947219094349103	96.9040849633458	-48.9227127325765	37.3967062794684	0.302417076887865
